0,817
0,816
87,5
87,4
87,3
87,1
87,0
13,84
0,815
0,814
0,813
0,812
86,5
86,4
86,3
86,1
86,0
13,83
0,811
0,810
0,809
0,808
85,5
85,4
85,3
85,1
85,0
0,807
0,806
0,805
0,804
0,803
84,5
84,4
84,3
84,1
84,0
13,129
13,82
0,802
0,801
0,800
0,799
0,798
83,5
83,4
83,3
83,1
83,0
0,797
0,796
0,795
0,794
0,793
0,792
0,791
0,790
0,789
0,788
82,5
82,4
82,3
82,1
82,0
0,787
0,786
81,6
81,5
81,4
81,3
81,1
81,0
0,785
0,784
0,783
80,6
80,5
80,4
80,3
80,1
80,0
13,81
0,782
0,781
0,780
79,6
79,5
79,4
79,3
79,1
79,0
13,80
13,25
0,779
0,778
0,777
0,776
78,6
78,5
78,4
78,3
78,1
78,0
0,775
0,774
0,773
77,6
77,5
77,4
77,3
77,1
77,0
0,772
0,771
0,770
0,769
76,6
76,5
76,4
76,3
76,1
76,0
75,5
0,768
75,4
75,3
75,1
75,0
74,5
74,4
74,3
74,1
74,0
13,79
13,78
73,5
73,4
73,3
73,1
73,0
72,5
72,4
72,3
72,1
72,0
71,5
71,4
71,3
71,1
71,0
70,5
70,4
70,3
70,1
70,0
0,735
68,309
68,308
0,734
68,307
68,306
0,733
68,305
0,732
68,304
0,731
68,303
68,302
0,730
69,29
68,301
0,729
68,300
68,299
0,728
67,20
67,19
68,298
0,727
68,297
0,726
68,296
68,295
0,725
68,294
0,724
68,293
68,292
0,723
68,291
0,722
69,28
68,290
68,289
0,721
68,288
0,720
68,287
68,286
0,719
68,285
0,718
68,284
68,283
0,717
68,282
0,716
68,281
68,280
0,715
68,279
0,714
68,278
68,277
0,713
68,276
0,712
69,27
68,275
66,9
0,711
68,274
68,273
0,710
68,272
0,709
68,271
68,270
0,708
68,269
0,707
68,268
68,267
0,706
68,266
0,705
68,265
68,264
67,18
0,704
68,263
0,703
68,262
68,261
0,702
68,260
69,26
0,701
68,259
0,700
68,258
68,257
0,699
68,256
0,698
68,255
0,697
68,254
69,25
68,253
0,696
68,252
0,695
68,251
68,250
0,694
68,249
0,693
68,248
68,247
0,692
68,246
0,691
68,245
0,690
68,244
68,243
69,24
0,689
68,242
0,688
68,241
67,17
68,240
0,687
68,239
0,686
68,238
68,237
0,685
68,236
0,684
68,235
68,234
0,683
67,16
68,233
0,682
68,232
68,231
0,681
68,230
0,680
68,229
68,228
0,679
69,23
68,227
0,678
68,226
68,225
0,677
68,224
0,676
68,223
0,675
68,222
68,221
0,674
68,220
0,673
68,219
0,672
69,22
68,218
68,217
0,671
68,216
0,670
68,215
68,214
0,669
68,213
0,668
68,212
68,211
0,667
68,210
0,666
68,209
67,15
67,14
0,665
68,208
68,207
0,664
68,206
69,21
0,663
68,205
68,204
0,662
68,203
0,661
68,202
0,660
68,201
68,200
0,659
68,199
0,658
68,198
68,197
0,657
68,196
0,656
68,195
68,194
69,20
0,655
68,193
0,654
68,192
68,191
0,653
68,190
0,652
68,189
68,188
0,651
68,187
0,650
68,186
68,185
0,649
68,184
0,648
68,183
0,647
68,182
68,181
67,13
0,646
68,180
68,179
0,645
69,19
68,178
0,644
68,177
68,176
0,643
68,175
66,8
0,642
68,174
68,173
0,641
68,172
0,640
68,171
68,170
0,639
